image_width: 1280
image_height: 960
camera_name: camerav2_1280x960
camera_matrix:
  rows: 3
  cols: 3
  data: [1007.083148563304, 0, 641.9734899847002, 0, 1007.083148563304, 474.4293834741207, 0, 0, 1]
distortion_model: plumb_bob
distortion_coefficients:
  rows: 1
  cols: 5
  data: [0.1767588233274424, -0.2946868555466949, 0, 0, 0]
rectification_matrix:
  rows: 3
  cols: 3
  data: [1, 0, 0, 0, 1, 0, 0, 0, 1]
projection_matrix:
  rows: 3
  cols: 4
  data: [1031.630737304688, 0, 642.0506771488799, 0, 0, 1033.736938476562, 474.415034999638, 0, 0, 0, 1, 0]