image_width: 1280
image_height: 960
camera_name: camerav2_1280x960
camera_matrix:
  rows: 3
  cols: 3
  data: [1013.298237474802, 0, 638.9164173714297, 0, 1013.298237474802, 483.9655332831218, 0, 0, 1]
distortion_model: plumb_bob
distortion_coefficients:
  rows: 1
  cols: 5
  data: [0.1405561386172923, -0.2176169366867769, 0.001017247254536295, -0.001123283024750002, 0]
rectification_matrix:
  rows: 3
  cols: 3
  data: [1, 0, 0, 0, 1, 0, 0, 0, 1]
projection_matrix:
  rows: 3
  cols: 4
  data: [1035.499389648438, 0, 637.5651897579883, 0, 0, 1036.918090820312, 484.7123913052419, 0, 0, 0, 1, 0]