image_width: 1280
image_height: 960
camera_name: camerav2_1280x960
camera_matrix:
  rows: 3
  cols: 3
  data: [1004.395252697608, 0, 634.7439926104729, 0, 1005.334724280355, 479.0633949551667, 0, 0, 1]
distortion_model: plumb_bob
distortion_coefficients:
  rows: 1
  cols: 5
  data: [0.1646676126862285, -0.2813321388731584, -0.0007162969054407989, -6.374139882471145e-05, 0]
rectification_matrix:
  rows: 3
  cols: 3
  data: [1, 0, 0, 0, 1, 0, 0, 0, 1]
projection_matrix:
  rows: 3
  cols: 4
  data: [1025.944458007812, 0, 634.4391990037329, 0, 0, 1029.49560546875, 478.5192529279739, 0, 0, 0, 1, 0]